25 331
40 405
48 321
51 304
53 352
52 318
50 388
55 390
65 383
63 378
63 379
63 383
63 384
48 393
46 392
92 311
93 327
249 298
245 335
265 320
269 278
268 295
279 279
287 330
288 330
288 331
289 330
289 333
289 336
286 303
286 321
286 322
285 354
285 494
285 321
285 322
285 323
284 322
284 323
282 497
283 497
287 321
287 329
288 328
288 329
286 504
286 505
286 506
286 507
289 501
289 502
289 503
289 512
287 502
287 504
287 505
287 506
287 507
288 501
288 502
288 503
288 504
288 505
288 506
288 511
288 512
290 332
290 333
292 338
292 339
291 338
291 339
291 297
297 327
297 328
297 329
295 328
296 329
292 328
292 329
291 328
291 329
290 501
290 502
292 503
292 504
294 504
291 501
291 503
291 504
293 503
293 504
293 505
303 288
302 290
298 328
298 329
304 501
305 372
305 373
305 374
303 500
303 501
302 479
302 480
301 480
313 330
311 308
306 372
306 373
315 315
318 333
316 315
416 404
417 402
417 403
417 404
423 401
422 401
422 402
421 401
421 402
418 403
418 404
418 405
421 392
446 399
447 403
445 399
445 402
455 456
461 367
464 376
479 357
530 463
533 448
583 464
619 378
619 379
618 378
618 384
