25 331
40 405
46 392
48 393
48 321
53 352
55 390
50 388
51 304
52 318
65 383
63 378
63 379
63 383
63 384
92 311
93 327
245 335
249 298
265 320
269 278
268 295
279 279
285 321
285 322
285 323
288 328
288 329
284 322
284 323
286 303
286 321
286 322
287 321
287 329
288 330
288 331
285 354
289 330
289 333
289 336
287 330
288 501
288 502
288 503
288 504
288 505
288 506
288 511
288 512
285 494
289 501
289 502
289 503
289 512
287 502
287 504
287 505
287 506
287 507
282 497
286 504
286 505
286 506
286 507
283 497
295 328
291 328
291 329
292 328
292 329
292 338
292 339
296 329
297 327
297 328
297 329
290 332
290 333
291 338
291 339
305 372
305 373
305 374
291 297
293 503
293 504
293 505
290 501
290 502
294 504
292 503
292 504
291 501
291 503
291 504
302 479
302 480
301 480
304 501
303 500
303 501
302 290
303 288
298 328
298 329
306 372
306 373
311 308
313 330
318 333
315 315
316 315
417 402
417 403
417 404
416 404
421 392
418 403
418 404
418 405
422 401
422 402
423 401
421 401
421 402
445 399
445 402
446 399
447 403
455 456
464 376
461 367
479 357
533 448
530 463
583 464
618 378
618 384
619 378
619 379
0 0
0 0
0 0
0 0
0 0
0 0
0 0
0 0
0 0
0 0
0 0
0 0
0 0
0 0
0 0
0 0
0 0
0 0
0 0
0 0
0 0
0 0
0 0
0 0
0 0
0 0
0 0
0 0
0 0
0 0
0 0
0 0
0 0
0 0
0 0
0 0
0 0
0 0
0 0
0 0
0 0
0 0
0 0
0 0
0 0
0 0
0 0
0 0
0 0
0 0
0 0
0 0
0 0
0 0
0 0
0 0
0 0
0 0
0 0
0 0
0 0
0 0
0 0
0 0
0 0
0 0
0 0
0 0
0 0
0 0
0 0
0 0
0 0
0 0
0 0
0 0
0 0
0 0
0 0
0 0
0 0
0 0
0 0
0 0
0 0
0 0
0 0
0 0
0 0
0 0
0 0
0 0
0 0
0 0
0 0
0 0
0 0
0 0
0 0
0 0
0 0
0 0
0 0
0 0
0 0
0 0
0 0
0 0
0 0
0 0
0 0
0 0
0 0
0 0
0 0
0 0
0 0
0 0
0 0
0 0
0 0
0 0
0 0
0 0
0 0
0 0
0 0
0 0
0 0
0 0
0 0
0 0
0 0
0 0
0 0
0 0
0 0
0 0
0 0
0 0
0 0
0 0
0 0
0 0
0 0
0 0
0 0
0 0
0 0
0 0
0 0
0 0
0 0
0 0
0 0
0 0
0 0
0 0
0 0
