25 75
40 149
48 137
46 136
48 65
53 96
50 132
55 134
65 127
63 122
63 123
63 127
63 128
93 71
92 55
51 48
52 62
249 42
245 79
9 64
12 39
13 22
23 23
31 65
31 73
29 98
29 65
29 66
29 67
30 47
30 65
30 66
32 72
32 73
33 74
33 77
33 80
28 66
28 67
31 74
32 74
32 75
27 241
29 238
26 241
33 245
33 246
33 247
33 0
32 245
32 246
32 247
32 248
32 249
32 250
32 255
32 0
31 246
31 248
31 249
31 250
31 251
39 72
36 82
36 83
30 248
30 249
30 250
30 251
34 76
34 77
35 82
35 83
35 72
35 73
36 72
36 73
40 73
41 71
41 72
41 73
35 245
35 247
35 248
36 247
36 248
38 248
37 247
37 248
37 249
46 223
46 224
35 41
34 245
34 246
45 224
47 32
46 34
49 116
49 117
49 118
42 72
42 73
47 244
47 245
50 116
50 117
48 245
55 52
57 74
62 77
60 59
59 59
161 146
161 147
161 148
160 148
167 145
166 145
166 146
165 145
165 146
162 147
162 148
162 149
165 136
190 143
191 147
189 143
189 146
199 200
205 111
208 120
223 101
18 207
21 192
71 208
106 122
106 128
107 122
107 123
